evd バランス設定 一覧																				
id	name	description																		
	設定5	欲望ダンジョン標準設定																		
到達ボーナス					盗賊の身代金															
階層	ボーナス	shop倍率			階層	身代金														
2	50	1.4			2	200														
3	100	1.6			3	300														
4	150	1.8			4	400														
5	200	2			5	500														
6	500	2.2			6	600														
7	1000	2.4			7	700														
8	1500	2.6			8	800														
9	3000	2.8			9	900														
10	5000	3			10	1000														
																				
マス重み																				
重み合計	階層	空白	小銭	宝箱	財宝箱	秘宝箱	宝石箱	祝福	泉	爆弾	大爆発	罠	呪い	盗賊	落とし穴	転送罠	ショップ	限定ショップ	アイテム	特殊イベント
1000	1	300	385	40	0	0	0	50	50	20	0	105	10	10	10	0	0	0	20	
1000	2	275	380	45	0	0	0	55	40	25	0	100	20	10	10	0	20	0	20	
1000	3	250	380	55	0	0	0	60	40	30	0	95	30	10	10	0	20	0	20	
1000	4	225	375	65	0	0	20	65	40	40	0	70	40	10	10	0	20	0	20	
1000	5	200	380	75	0	0	20	70	30	50	0	65	50	10	10	0	20	0	20	
1000	6	170	340	85	10	0	20	75	40	60	10	60	60	10	10	5	15	10	20	
1000	7	140	320	95	20	0	20	80	40	70	20	55	70	10	10	5	15	10	20	
1000	8	125	220	100	40	0	20	100	40	80	30	60	80	20	10	10	20	25	20	
1000	9	100	135	150	60	0	20	120	40	90	40	55	90	30	10	10	10	20	20	
1000	10	0	95	200	100	0	20	150	40	100	50	50	95	40	0	20	10	10	20	
																				
数値レンジ																				
階層	小銭_min	小銭_max	宝箱_min	宝箱_max	財宝箱_min	財宝箱_max	祝福_min	祝福_max	呪い_min	呪い_max	罠_min	罠_max								
1	5	50	50	120	0	0	0.05	0.14	0.05	0.11	5	40								
2	10	60	70	140	0	0	0.06	0.15	0.06	0.12	10	70								
3	15	70	90	160	0	0	0.07	0.16	0.07	0.13	15	100								
4	20	80	110	180	0	0	0.08	0.17	0.08	0.14	20	130								
5	25	90	130	200	0	0	0.09	0.18	0.09	0.15	25	160								
6	30	100	150	220	250	300	0.1	0.19	0.1	0.16	30	190								
7	35	110	170	240	300	400	0.11	0.2	0.11	0.17	35	220								
8	40	120	190	260	350	500	0.12	0.21	0.12	0.18	40	250								
9	45	130	210	280	400	600	0.13	0.22	0.13	0.19	45	280								
10	50	140	230	300	450	700	0.14	0.23	0.14	0.2	50	310								